bubble
10 2.445e-06
20 3.492e-06
30 5.587e-06
40 7.823e-06
50 1.0547e-05
60 1.4527e-05
70 1.9067e-05
80 2.4095e-05
90 2.9683e-05
10 2.375e-06
20 3.492e-06
30 5.238e-06
40 8.102e-06
50 1.1105e-05
60 1.4527e-05
70 1.9067e-05
80 2.3886e-05
90 2.9543e-05
10 2.374e-06
20 3.422e-06
30 4.8471e-05
40 7.892e-06
50 1.1105e-05
60 1.4667e-05
70 1.8229e-05
80 2.4305e-05
90 2.9753e-05
10 2.165e-06
20 3.562e-06
30 5.098e-06
40 7.752e-06
50 1.0826e-05
60 0.000148485
70 1.9207e-05
80 2.3956e-05
90 2.9683e-05
10 2.654e-06
20 3.422e-06
30 5.308e-06
40 7.753e-06
50 1.0756e-05
60 1.4458e-05
70 1.8717e-05
80 2.3886e-05
90 2.9683e-05
10 3.981e-06
20 6.774e-06
30 1.2781e-05
40 2.5003e-05
50 4.0159e-05
60 5.336e-05
70 7.529e-05
80 8.1227e-05
90 0.000138218
