100 3.283e-06
4100 4.6095e-05
8100 8.9326e-05
12100 0.000132628
16100 0.000175998
20100 0.0002193
24100 0.000262322
28100 0.000305483
32100 0.000349413
36100 0.000391527
40100 0.000434828
44100 0.000478129
48100 0.000521361
52100 0.000564592
56100 0.000632267
60100 0.000650426
64100 0.000694845
68100 0.000737169
72100 0.000781448
76100 0.000826076
80100 0.00089026
84100 0.000911281
88100 0.000998791
92100 0.0010321
96100 0.00106116

100 3.003e-06
4100 4.5886e-05
8100 8.9187e-05
12100 0.000132697
16100 0.00017537
20100 0.00021916
24100 0.00026309
28100 0.000303877
32100 0.000347457
36100 0.000392644
40100 0.000435387
44100 0.000478269
48100 0.000520872
52100 0.000566128
56100 0.000608731
60100 0.000650007
64100 0.000694984
68100 0.000737867
72100 0.000781936
76100 0.000823561
80100 0.000867491
84100 0.0009469
88100 0.0009557
92100 0.000997046
96100 0.00104084

100 3.073e-06
4100 4.6304e-05
8100 8.8907e-05
12100 0.000132348
16100 0.00017537
20100 0.000218741
24100 0.000262112
28100 0.000305273
32100 0.000348016
36100 0.000392016
40100 0.000434479
44100 0.000477222
48100 0.000521012
52100 0.000565291
56100 0.000626471
60100 0.000650147
64100 0.000694705
68100 0.000737238
72100 0.000782705
76100 0.000823631
80100 0.000901713
84100 0.000912468
88100 0.000960659
92100 0.00099956
96100 0.00104223

100 3.143e-06
4100 4.6025e-05
8100 8.9187e-05
12100 0.000132069
16100 0.000175649
20100 0.0002193
24100 0.000262042
28100 0.000304994
32100 0.000348156
36100 0.000391736
40100 0.000434688
44100 0.000477431
48100 0.000546923
52100 0.000563754
56100 0.000606776
60100 0.000650776
64100 0.000725924
68100 0.000739333
72100 0.000804286
76100 0.000823003
80100 0.000866584
84100 0.000911351
88100 0.000975326
92100 0.00103623
96100 0.001043

100 3.003e-06
4100 4.6095e-05
8100 8.8977e-05
12100 0.000132488
16100 0.00017537
20100 0.000218602
24100 0.000261693
28100 0.000304575
32100 0.000348296
36100 0.000405495
40100 0.000433711
44100 0.000479177
48100 0.00052185
52100 0.000586941
56100 0.000607125
60100 0.000676617
64100 0.000694984
68100 0.000737658
72100 0.000781238
76100 0.000857713
80100 0.000869308
84100 0.000930976
88100 0.000954583
92100 0.000997675
96100 0.00107003

100 2.1371e-05
4100 0.0274519
8100 0.202711
12100 0.478728
16100 0.847062
20100 1.27648
24100 0.960157
28100 1.77088
32100 2.58418
36100 3.16598
40100 3.45218
44100 4.56118
48100 5.74109
52100 6.15297
56100 7.56915
60100 8.23769
64100 9.86081
68100 10.8959
72100 12.2726
76100 13.5386
80100 15.254
84100 16.3047
88100 18.1559
92100 20.5038
96100 21.3727

