merge
10 7.682e-06
20 9.429e-06
30 1.2642e-05
40 1.5365e-05
50 1.9765e-05
60 2.2071e-05
70 2.5981e-05
80 2.8356e-05
90 3.4223e-05
10 5.797e-06
20 8.59e-06
30 1.1593e-05
40 1.5156e-05
50 1.9137e-05
60 2.1302e-05
70 2.5004e-05
80 2.7378e-05
90 3.2546e-05
10 5.029e-06
20 8.381e-06
30 1.2083e-05
40 1.4807e-05
50 1.8439e-05
60 2.1022e-05
70 2.5004e-05
80 2.8077e-05
90 3.2965e-05
10 5.377e-06
20 8.52e-06
30 1.1873e-05
40 1.4946e-05
50 1.8368e-05
60 2.0743e-05
70 2.5353e-05
80 2.7169e-05
90 3.2965e-05
10 5.657e-06
20 7.962e-06
30 1.1664e-05
40 1.5016e-05
50 1.9137e-05
60 2.1232e-05
70 2.5422e-05
80 2.7797e-05
90 3.2477e-05
10 6.635e-06
20 1.1035e-05
30 1.4318e-05
40 1.739e-05
50 2.207e-05
60 2.5492e-05
70 2.9683e-05
80 3.3524e-05
90 3.8413e-05
