quicksort
10 4.261e-06
20 1.0196e-05
30 1.9066e-05
40 3.1359e-05
50 4.7422e-05
60 6.5512e-05
70 8.7582e-05
80 0.000112585
90 0.000140662
10 4.33e-06
20 1.0337e-05
30 1.8997e-05
40 3.115e-05
50 4.7004e-05
60 6.5232e-05
70 8.7512e-05
80 0.000112027
90 0.000141988
10 4.819e-06
20 1.0407e-05
30 1.9137e-05
40 3.1149e-05
50 4.7004e-05
60 6.6211e-05
70 8.7931e-05
80 0.000113004
90 0.000141011
10 4.54e-06
20 9.848e-06
30 1.9207e-05
40 3.1499e-05
50 4.7493e-05
60 6.5442e-05
70 8.7932e-05
80 0.000113284
90 0.00014143
10 4.33e-06
20 9.498e-06
30 1.8857e-05
40 3.1499e-05
50 4.6864e-05
60 6.5861e-05
70 8.842e-05
80 0.000112446
90 0.000142129
10 3.213e-06
20 5.936e-06
30 8.591e-06
40 1.2013e-05
50 1.355e-05
60 1.7111e-05
70 1.8578e-05
80 2.221e-05
90 2.5283e-05
