radixsort
10 0.00659288
20 0.00576826
30 0.00539789
40 0.00533817
50 0.00542659
60 0.00733356
70 0.00571469
80 0.00535696
90 0.00642009
10 0.00531729
20 0.0053946
30 0.00532504
40 0.00548316
50 0.00556781
60 0.00560902
70 0.00593462
80 0.00683747
90 0.00749203
10 0.00759107
20 0.00561
30 0.00564289
40 0.00564527
50 0.00557515
60 0.00568207
70 0.00569527
80 0.00579703
90 0.0067524
10 0.00552032
20 0.0056716
30 0.00551906
40 0.00548875
50 0.00560308
60 0.00545599
70 0.00568165
80 0.00558122
90 0.00716363
10 0.00553568
20 0.00567216
30 0.00564855
40 0.00557214
50 0.00558108
60 0.00556034
70 0.00564883
80 0.00568899
90 0.00683098
10 0.00551508
20 0.00548267
30 0.00578362
40 0.00618822
50 0.00581051
60 0.0059863
70 0.00579508
80 0.00683628
90 0.00800677
