selection
10 4.26e-06
20 7.404e-06
30 1.1385e-05
40 1.6343e-05
50 2.2559e-05
60 2.9683e-05
70 3.7715e-05
80 4.6026e-05
90 5.6433e-05
10 3.492e-06
20 4.819e-06
30 7.473e-06
40 1.1105e-05
50 1.5714e-05
60 2.1441e-05
70 2.7727e-05
80 3.5061e-05
90 4.3582e-05
10 3.212e-06
20 4.889e-06
30 7.683e-06
40 1.1314e-05
50 1.5016e-05
60 2.1372e-05
70 2.7587e-05
80 3.506e-05
90 4.3582e-05
10 3.143e-06
20 5.099e-06
30 7.543e-06
40 1.0965e-05
50 1.5854e-05
60 2.1232e-05
70 2.7518e-05
80 3.527e-05
90 4.3582e-05
10 3.283e-06
20 5.028e-06
30 7.404e-06
40 1.1384e-05
50 1.5575e-05
60 2.1162e-05
70 2.7797e-05
80 4.861e-05
90 4.3511e-05
10 4.051e-06
20 6.495e-06
30 1.0266e-05
40 1.5086e-05
50 1.3479e-05
60 1.8159e-05
70 2.2768e-05
80 2.7937e-05
90 3.513e-05
