shell
10 2.235e-06
20 2.933e-06
30 3.003e-06
40 4.26e-06
50 4.4e-06
60 4.958e-06
70 6.565e-06
80 7.263e-06
90 7.753e-06
10 2.584e-06
20 2.933e-06
30 3.213e-06
40 4.47e-06
50 4.819e-06
60 5.029e-06
70 6.006e-06
80 7.194e-06
90 7.683e-06
10 2.235e-06
20 2.724e-06
30 3.143e-06
40 4.051e-06
50 4.539e-06
60 5.168e-06
70 6.426e-06
80 6.984e-06
90 7.612e-06
10 2.165e-06
20 2.794e-06
30 3.212e-06
40 3.981e-06
50 4.54e-06
60 4.889e-06
70 6.496e-06
80 7.054e-06
90 7.613e-06
10 2.375e-06
20 2.584e-06
30 3.143e-06
40 3.911e-06
50 4.4e-06
60 4.959e-06
70 6.355e-06
80 7.124e-06
90 7.613e-06
10 2.864e-06
20 4.26e-06
30 5.588e-06
40 7.264e-06
50 9.079e-06
60 1.0267e-05
70 1.2572e-05
80 1.5994e-05
90 1.5714e-05
