100 3.6318e-05
4100 0.0617322
8100 0.250863
12100 0.585778
16100 1.06929
20100 1.7091
24100 3.11304
28100 4.5682
32100 4.30064
36100 7.47165
40100 6.74947
44100 10.0683
48100 11.6491
52100 13.3628
56100 16.6616
60100 17.634
64100 21.1955
68100 23.5995
72100 25.5888
76100 28.6769
80100 32.6707
84100 35.5072
88100 38.7732
92100 42.991
96100 46.5551

100 3.6248e-05
4100 0.071446
8100 0.278394
12100 0.623374
16100 1.11312
20100 2.43904
24100 3.7224
28100 3.17956
32100 4.66908
36100 7.11005
40100 7.89686
44100 9.54055
48100 11.9694
52100 14.133
56100 15.3535
60100 18.6207
64100 20.5234
68100 23.887
72100 25.8987
76100 29.2334
80100 32.2749
84100 35.6378
88100 38.0401
92100 41.5035
96100 46.5055

100 7.1658e-05
4100 0.0701556
8100 0.276307
12100 0.621276
16100 1.10785
20100 1.73974
24100 3.59246
28100 4.0525
32100 4.37606
36100 7.36788
40100 8.32407
44100 8.95624
48100 11.4239
52100 14.6185
56100 15.4368
60100 18.6776
64100 20.6408
68100 22.8087
72100 26.8163
76100 28.366
80100 31.7808
84100 35.5002
88100 39.6181
92100 42.6354
96100 45.1429

100 7.1797e-05
4100 0.112298
8100 0.437815
12100 0.979727
16100 1.73211
20100 2.03456
24100 2.39363
28100 3.92599
32100 5.62758
36100 5.92458
40100 8.18539
44100 9.73324
48100 11.2635
52100 13.3421
56100 16.1752
60100 17.6342
64100 21.2879
68100 23.0176
72100 25.2121
76100 28.3561
80100 32.1798
84100 35.7238
88100 38.387
92100 41.0397
96100 45.8218

100 7.1575e-05
4100 0.112341
8100 0.437296
12100 0.97816
16100 1.41967
20100 1.60014
24100 2.45233
28100 3.40431
32100 6.1257
36100 5.63311
40100 8.66911
44100 10.1244
48100 11.4048
52100 12.5492
56100 16.0291
60100 17.2748
64100 20.7397
68100 23.4952
72100 25.6081
76100 28.3059
80100 30.8316
84100 35.7927
88100 37.8278
92100 41.9965
96100 45.7617

100 0.000163348
4100 0.296489
8100 1.18164
12100 3.59204
16100 5.33393
20100 8.90372
24100 12.2079
28100 17.5807
32100 21.8318
36100 28.4448
40100 33.4801
44100 42.3396
48100 48.6797
52100 58.3115
56100 67.2942
60100 77.9961
64100 88.1877
68100 98.669
72100 112.131
76100 122.867
80100 157.318
84100 149.377
88100 164.039
92100 179.688
96100 194.497

