100 7.7453e-05
4100 0.00273035
8100 0.00553858
12100 0.00871319
16100 0.0110877
20100 0.0143619
24100 0.0172822
28100 0.0201485
32100 0.0112558
36100 0.0133144
40100 0.0147605
44100 0.016291
48100 0.0177838
52100 0.0195458
56100 0.0208008
60100 0.0216323
64100 0.0228267
68100 0.0252253
72100 0.0271395
76100 0.0287302
80100 0.0301274
84100 0.0317682
88100 0.0333755
92100 0.0352705
96100 0.0366725

100 3.7434e-05
4100 0.00139402
8100 0.00274467
12100 0.00429017
16100 0.00549423
20100 0.00711844
24100 0.00861254
28100 0.0100355
32100 0.0111941
36100 0.0130712
40100 0.0145215
44100 0.0160415
48100 0.0175614
52100 0.0192635
56100 0.0204522
60100 0.0212941
64100 0.0227639
68100 0.0248446
72100 0.0286844
76100 0.0283714
80100 0.0297658
84100 0.0313884
88100 0.0329745
92100 0.0352628
96100 0.0361545

100 3.7086e-05
4100 0.00134737
8100 0.00276087
12100 0.00427621
16100 0.00564327
20100 0.00713053
24100 0.00861862
28100 0.0100152
32100 0.0112497
36100 0.0130747
40100 0.0144881
44100 0.0161037
48100 0.0174848
52100 0.0192507
56100 0.0205561
60100 0.0213515
64100 0.0233098
68100 0.0250837
72100 0.0268018
76100 0.0283618
80100 0.029706
84100 0.0315413
88100 0.0336649
92100 0.0353309
96100 0.0562692

100 7.424e-05
4100 0.00271436
8100 0.00553634
12100 0.0085594
16100 0.0110369
20100 0.0142953
24100 0.017234
28100 0.0202327
32100 0.0224039
36100 0.0262137
40100 0.0290349
44100 0.0321293
48100 0.0350114
52100 0.0386764
56100 0.04083
60100 0.042638
64100 0.0453414
68100 0.0496803
72100 0.0534288
76100 0.0592675
80100 0.0592324
84100 0.0624535
88100 0.0655113
92100 0.069084
96100 0.0720625

100 7.1028e-05
4100 0.00274879
8100 0.00548082
12100 0.00855988
16100 0.01104
20100 0.0142589
24100 0.0172463
28100 0.0201285
32100 0.0224711
36100 0.026195
40100 0.0290027
44100 0.0323388
48100 0.0349993
52100 0.0386473
56100 0.0409302
60100 0.0426741
64100 0.0453659
68100 0.0495543
72100 0.0533379
76100 0.0564655
80100 0.0592179
84100 0.0624861
88100 0.0655486
92100 0.0690543
96100 0.0719107

100 8.772e-05
4100 0.00378376
8100 0.0076896
12100 0.0120831
16100 0.0156815
20100 0.0203354
24100 0.0247812
28100 0.0285992
32100 0.0283715
36100 0.0185398
40100 0.0208775
44100 0.0231398
48100 0.0253569
52100 0.0275926
56100 0.0294174
60100 0.031381
64100 0.0331707
68100 0.0356749
72100 0.0382683
76100 0.0407437
80100 0.04314
84100 0.0456633
88100 0.0479932
92100 0.0502979
96100 0.0525997

