100 0.00017034
4100 0.358422
8100 1.95421
12100 2.59742
16100 5.9836
20100 8.5731
24100 13.3953
28100 17.0363
32100 22.5064
36100 28.5125
40100 35.3399
44100 42.4706
48100 50.3658
52100 59.8359
56100 68.7807
60100 79.5185
64100 89.8612
68100 101.32
72100 114.463
76100 126.633
80100 141.032
84100 154.652
88100 170.427
92100 186.195
96100 202.828

100 0.000170905
4100 0.249108
8100 1.00865
12100 3.57772
16100 5.76465
20100 8.88976
24100 12.7164
28100 17.3621
32100 22.8688
36100 28.4087
40100 34.5712
44100 42.8914
48100 50.2998
52100 59.8525
56100 68.2611
60100 79.245
64100 89.4924
68100 101.765
72100 113.763
76100 126.756
80100 140.377
84100 155.244
88100 168.925
92100 185.33
96100 201.324

100 0.000340841
4100 0.502471
8100 1.24326
12100 3.29471
16100 5.59182
20100 8.87832
24100 12.1041
28100 17.3645
32100 22.9453
36100 28.339
40100 34.5745
44100 42.4859
48100 50.6718
52100 58.4366
56100 69.2721
60100 78.6562
64100 89.6747
68100 100.847
72100 113.19
76100 126.506
80100 139.505
84100 154.995
88100 171.217
92100 187.666
96100 204.383

100 0.000171447
4100 0.250966
8100 1.36076
12100 3.20646
16100 5.75805
20100 8.98751
24100 13.242
28100 17.1492
32100 22.8178
36100 29.3414
40100 35.4324
44100 42.5691
48100 51.7459
52100 60.3957
56100 69.7027
60100 79.805
64100 91.4026
68100 103.328
72100 116.515
76100 129.222
80100 143.396
84100 158.195
88100 174.125
92100 189.77
96100 207.425

100 0.000342428
4100 0.315634
8100 0.973844
12100 3.59931
16100 5.75038
20100 8.90093
24100 12.8741
28100 17.5103
32100 23.3612
36100 28.7739
40100 35.9587
44100 43.752
48100 51.5161
52100 61.6812
56100 70.1547
60100 80.8693
64100 92.098
68100 104.321
72100 116.678
76100 130.559
80100 144.108
84100 159.095
88100 173.708
92100 190.49
96100 207.538

100 5.8875e-05
4100 0.00365888
8100 0.0083232
12100 0.0121806
16100 0.0157541
20100 0.0212501
24100 0.0256972
28100 0.0298883
32100 0.0352551
36100 0.04011
40100 0.0492811
44100 0.0475491
48100 0.0554114
52100 0.0582344
56100 0.0595676
60100 0.0664623
64100 0.0757783
68100 0.0797456
72100 0.0923021
76100 0.0901138
80100 0.0945575
84100 0.101534
88100 0.108601
92100 0.111875
96100 0.11258

