100 0.010588
4100 0.012909
8100 0.0192045
12100 0.0213908
16100 0.0240749
20100 0.0289827
24100 0.0293584
28100 0.0343514
32100 0.0356118
36100 0.0378833
40100 0.0408993
44100 0.0426722
48100 0.0487871
52100 0.049514
56100 0.0540011
60100 0.0556807
64100 0.0573829
68100 0.0620632
72100 0.0648369
76100 0.0663506
80100 0.0708482
84100 0.0731371
88100 0.0773483
92100 0.0805663
96100 0.101821

100 0.0105821
4100 0.0132334
8100 0.0188267
12100 0.0223837
16100 0.0246736
20100 0.0281899
24100 0.0304316
28100 0.0339608
32100 0.0360374
36100 0.02374
40100 0.0209583
44100 0.023107
48100 0.0240934
52100 0.0258943
56100 0.0276043
60100 0.0286973
64100 0.0289664
68100 0.0325212
72100 0.0328632
76100 0.0358343
80100 0.0369946
84100 0.0399453
88100 0.0405589
92100 0.0414611
96100 0.048933

100 0.00534903
4100 0.00651376
8100 0.00962139
12100 0.0109471
16100 0.0122483
20100 0.0141467
24100 0.0160587
28100 0.0175026
32100 0.0191364
36100 0.019389
40100 0.0204039
44100 0.0217735
48100 0.0238069
52100 0.0270151
56100 0.0277628
60100 0.0285574
64100 0.0296497
68100 0.0311489
72100 0.0314271
76100 0.0337607
80100 0.0357972
84100 0.0396048
88100 0.0420518
92100 0.039486
96100 0.0500984

100 0.00538954
4100 0.00661622
8100 0.00950197
12100 0.0114252
16100 0.0121943
20100 0.0139774
24100 0.0159618
28100 0.0171374
32100 0.0181195
36100 0.020851
40100 0.0217714
44100 0.0230446
48100 0.0237462
52100 0.0245611
56100 0.0272157
60100 0.028653
64100 0.0603438
68100 0.0608576
72100 0.0653794
76100 0.0721199
80100 0.0697678
84100 0.0762607
88100 0.0758542
92100 0.0817537
96100 0.0953067

100 0.0105818
4100 0.0131515
8100 0.0191826
12100 0.0222203
16100 0.0250763
20100 0.0290317
24100 0.0295539
28100 0.0325558
32100 0.0360084
36100 0.0400363
40100 0.0426087
44100 0.0455428
48100 0.0469389
52100 0.050241
56100 0.0534193
60100 0.0545982
64100 0.0607967
68100 0.0626985
72100 0.0634418
76100 0.0677263
80100 0.0709667
84100 0.0725754
88100 0.0782911
92100 0.0821319
96100 0.0989041

100 0.0105485
4100 0.0128424
8100 0.018765
12100 0.0216451
16100 0.0249044
20100 0.0282547
24100 0.0312555
28100 0.0339436
32100 0.0352936
36100 0.0199875
40100 0.021615
44100 0.0220706
48100 0.0253968
52100 0.0241992
56100 0.0270927
60100 0.0280549
64100 0.028619
68100 0.0304945
72100 0.032151
76100 0.0339268
80100 0.0358023
84100 0.0396633
88100 0.0387461
92100 0.0420159
96100 0.0483744

