100 8.0178e-05
4100 0.0653985
8100 0.216352
12100 0.47844
16100 0.843791
20100 1.3132
24100 1.88025
28100 2.5515
32100 3.42143
36100 5.02897
40100 7.03006
44100 8.11534
48100 10.2207
52100 11.5173
56100 13.6831
60100 15.2551
64100 18.1634
68100 20.3488
72100 24.0759
76100 26.8583
80100 29.1015
84100 33.683
88100 35.2568
92100 40.5204
96100 42.5185

100 6.9703e-05
4100 0.106904
8100 0.417109
12100 0.934
16100 1.65625
20100 1.71787
24100 2.28393
28100 3.20078
32100 5.59145
36100 5.65035
40100 8.17677
44100 7.95609
48100 11.1983
52100 13.1992
56100 14.182
60100 17.18
64100 18.3712
68100 22.5498
72100 24.3204
76100 27.5614
80100 28.9259
84100 33.053
88100 37.003
92100 39.3996
96100 44.0896

100 6.9911e-05
4100 0.107047
8100 0.417183
12100 0.580543
16100 0.94262
20100 1.581
24100 2.32977
28100 4.8779
32100 3.91406
36100 6.82355
40100 7.19874
44100 8.78302
48100 11.1409
52100 13.2578
56100 14.0221
60100 17.2728
64100 18.7054
68100 21.4782
72100 24.7921
76100 27.8972
80100 30.2995
84100 32.9803
88100 37.4099
92100 39.5496
96100 43.4064

100 3.52e-05
4100 0.0684386
8100 0.265483
12100 0.597395
16100 1.06354
20100 2.00738
24100 3.71624
28100 3.27983
32100 4.79597
36100 6.08888
40100 8.01852
44100 9.4004
48100 10.7588
52100 12.4242
56100 15.7485
60100 16.5363
64100 19.3386
68100 21.7228
72100 25.7913
76100 26.7618
80100 30.3763
84100 34.7364
88100 36.2831
92100 40.9771
96100 43.5913

100 6.9772e-05
4100 0.106834
8100 0.4171
12100 0.93403
16100 1.65559
20100 1.59629
24100 2.29257
28100 3.34595
32100 5.90734
36100 5.1977
40100 8.32025
44100 9.54873
48100 10.7101
52100 13.2994
56100 14.6815
60100 16.4214
64100 20.2567
68100 22.5635
72100 24.8236
76100 26.9182
80100 31.2061
84100 33.7916
88100 37.0746
92100 39.8472
96100 44.3791

100 8.395e-05
4100 0.0677823
8100 0.264021
12100 0.595306
16100 1.48417
20100 2.58918
24100 2.46162
28100 3.16539
32100 5.76446
36100 5.1705
40100 8.34599
44100 9.8697
48100 11.1975
52100 12.249
56100 14.54
60100 17.9397
64100 20.349
68100 21.5558
72100 24.1037
76100 28.4357
80100 30.3474
84100 34.5595
88100 36.3827
92100 41.2253
96100 44.7823

