100 1.6553e-05
4100 0.00119763
8100 0.00230104
12100 0.00372921
16100 0.00494248
20100 0.00670652
24100 0.00803091
28100 0.00936557
32100 0.0106677
36100 0.0129372
40100 0.0143358
44100 0.015784
48100 0.0171909
52100 0.0187066
56100 0.0201216
60100 0.0215619
64100 0.0229999
68100 0.0261683
72100 0.0276531
76100 0.0292311
80100 0.0308658
84100 0.0323703
88100 0.033897
92100 0.03543
96100 0.0368953

100 1.6831e-05
4100 0.00115007
8100 0.00226472
12100 0.0037158
16100 0.00494982
20100 0.00670953
24100 0.00803992
28100 0.00939336
32100 0.0107311
36100 0.0129194
40100 0.0144159
44100 0.0158017
48100 0.0173047
52100 0.0186331
56100 0.0201079
60100 0.0215129
64100 0.0229978
68100 0.0262278
72100 0.0277842
76100 0.0292376
80100 0.0307499
84100 0.0322971
88100 0.0339361
92100 0.0239186
96100 0.0184052

100 8.241e-06
4100 0.000575208
8100 0.00113275
12100 0.00184638
16100 0.00245721
20100 0.0033578
24100 0.0040083
28100 0.00466766
32100 0.00532402
36100 0.00646271
40100 0.00716838
44100 0.00788697
48100 0.00859976
52100 0.00936633
56100 0.0100379
60100 0.0107515
64100 0.0114995
68100 0.0130625
72100 0.0138155
76100 0.0146097
80100 0.015347
84100 0.0161616
88100 0.0168939
92100 0.0177228
96100 0.0184659

100 8.66e-06
4100 0.000575069
8100 0.00113212
12100 0.00186936
16100 0.00247557
20100 0.00334104
24100 0.00399817
28100 0.00465984
32100 0.00533876
36100 0.00645943
40100 0.00717809
44100 0.00789402
48100 0.00861003
52100 0.00932282
56100 0.0100483
60100 0.0107751
64100 0.011466
68100 0.0131277
72100 0.0138361
76100 0.0146575
80100 0.0154
84100 0.0161461
88100 0.0169138
92100 0.0176847
96100 0.0184636

100 8.521e-06
4100 0.000575068
8100 0.00116159
12100 0.00184638
16100 0.00247564
20100 0.00332204
24100 0.00400222
28100 0.00470475
32100 0.00541922
36100 0.00649064
40100 0.00717159
44100 0.00793579
48100 0.0086182
52100 0.00933533
56100 0.0101273
60100 0.0108266
64100 0.0115155
68100 0.0130789
72100 0.0138486
76100 0.014614
80100 0.0153961
84100 0.0161918
88100 0.0169306
92100 0.0176978
96100 0.0184494

100 1.8997e-05
4100 0.00234993
8100 0.00357787
12100 0.00586773
16100 0.00809488
20100 0.0109227
24100 0.0132462
28100 0.0158107
32100 0.01785
36100 0.0215931
40100 0.0240239
44100 0.0271529
48100 0.0293184
52100 0.0336695
56100 0.0341654
60100 0.0376607
64100 0.0399148
68100 0.0475892
72100 0.0462641
76100 0.100967
80100 0.104869
84100 0.117663
88100 0.128213
92100 0.125276
96100 0.13283

